$ANSIBLE_VAULT;1.1;AES256
39653134663364666463643166643965353832623734323335363832666662636265303135323638
3630363338643864343661633635386266393239616236660a643438373064376533646137373765
33396465656130653830346133383963646233376133323562623864376362313336353039666462
6535316233656330660a656165346364623862643335653733336261343731623164653464343237
32636633613035336566323937333037333162333333323438633934633936363735333362613234
37626338353332393134316663336261343166623439373165366332333131636434383732363062
37363136623430666136613034353539333962333536376230306339653662656464336235353462
34343135623936393566323536346530316137623265376637353266636365366166353363303330
31316637653738306665333064343161376262313635633635656261666634303836646438313437
61303365366666356463393163306233623731336139373063373964373236633832633438643763
63303064313932653731383062626630376332383433343535333537373366316461613262323465
30353432323466613233343133353933303039623661653763623935336336326338303666333664
33316266626265633639356563376432393261383534393061386331663532396462
